canvas/spatial-painter/temperatureData.json
{"header": { "discipline": 0, "disciplineName": "Meteorological products", "gribEdition": 2, "gribLength": 49567, "center": 7, "centerName": "US National Weather Service - NCEP(WMC)", "subcenter": 0, "refTime": "2022-12-29T00:00:00.000Z", "significanceOfRT": 1, "significanceOfRTName": "Start of forecast", "productStatus": 0, "productStatusName": "Operational products", "productType": 1, "productTypeName": "Forecast products", "productDefinitionTemplate": 0, "productDefinitionTemplateName": "Analysis/forecast at horizontal level/layer at a point in time", "parameterCategory": 0, "parameterCategoryName": "Temperature", "parameterNumber": 0, "parameterNumberName": "Temperature", "parameterUnit": "K", "genProcessType": 2, "genProcessTypeName": "Forecast", "forecastTime": 24, "surface1Type": 1, "surface1TypeName": "Ground or water surface", "surface1Value": 0, "surface2Type": 255, "surface2TypeName": "Missing", "surface2Value": 0, "gridDefinitionTemplate": 0, "gridDefinitionTemplateName": "Latitude_Longitude", "numberPoints": 65160, "shape": 6, "shapeName": "Earth spherical with radius of 6,371,229.0 m", "gridUnits": "degrees", "resolution": 48, "winds": "true", "scanMode": 0, "nx": 360, "ny": 181, "basicAngle": 0, "lo1": 0, "la1": 90, "lo2": 359, "la2": -90, "dx": 1, "dy": 1 }, "data":
[rows 52 to 77 of 181, columns 300 to 359 of 360]
293.79974,293.39975,293.29974,293.29974,293.19977,293.29974,293.19977,293.09976,292.99976,292.59976,292.69977,292.59976,292.39975,292.19977,291.79974,291.29974,291.59976,291.69977,291.29974,290.69977,290.69977,290.99976,290.79974,290.49976,290.49976,290.59976,290.39975,290.29974,290.19977,290.19977,289.89975,289.99976,289.79974,289.29974,289.49976,289.59976,289.59976,289.79974,290.29974,290.09976,290.29974,290.29974,289.79974,289.49976,289.99976,290.09976,290.49976,290.69977,290.49976,290.59976,290.69977,289.89975,283.09976,281.39975,279.49976,279.49976,279.89975,276.69977,278.49976,280.09976
292.89975,292.89975,293.09976,293.09976,292.99976,292.99976,292.99976,292.99976,292.99976,292.79974,292.89975,292.89975,292.89975,292.39975,291.89975,291.89975,292.09976,291.79974,291.49976,291.49976,291.39975,291.39975,290.89975,290.69977,290.89975,290.89975,290.89975,290.79974,290.39975,290.59976,290.59976,290.69977,290.59976,290.79974,290.59976,290.39975,290.39975,290.49976,290.59976,290.29974,290.49976,290.39975,290.39975,290.39975,290.39975,290.39975,290.79974,291.19977,290.99976,290.99976,290.89975,290.29974,288.49976,290.29974,283.79974,278.99976,276.39975,277.09976,282.19977,289.49976
293.19977,292.99976,292.99976,292.99976,292.79974,293.09976,293.39975,293.19977,293.19977,293.09976,292.89975,292.79974,292.39975,292.49976,292.29974,292.69977,292.69977,291.69977,291.59976,291.29974,291.59976,291.89975,291.89975,291.59976,291.69977,291.79974,292.09976,291.79974,291.29974,290.99976,290.79974,290.79974,291.19977,291.59976,291.89975,291.49976,290.79974,290.99976,291.09976,290.89975,290.59976,290.39975,290.79974,290.79974,291.29974,291.69977,291.29974,290.99976,291.29974,291.49976,291.39975,292.09976,291.89975,291.69977,291.49976,290.59976,290.59976,290.29974,290.19977,290.09976
293.19977,293.19977,293.09976,292.99976,292.99976,293.29974,293.39975,293.39975,293.19977,293.29974,292.99976,292.39975,292.39975,292.49976,293.29974,293.19977,292.79974,292.09976,291.99976,291.99976,292.39975,292.29974,292.79974,292.29974,292.39975,292.79974,293.19977,292.29974,291.49976,291.39975,291.19977,291.99976,292.19977,292.19977,292.19977,291.89975,291.49976,291.19977,291.49976,291.69977,291.59976,291.39975,291.59976,291.89975,291.49976,291.59976,291.89975,291.79974,291.79974,292.09976,291.89975,292.09976,292.09976,291.89975,282.19977,276.49976,279.29974,282.29974,283.09976,280.59976
293.09976,293.09976,293.19977,293.19977,293.09976,293.19977,293.29974,293.19977,293.09976,293.29974,292.99976,292.49976,292.79974,292.89975,293.39975,293.29974,293.19977,292.79974,292.89975,293.59976,293.59976,292.89975,292.69977,292.39975,292.79974,293.09976,293.49976,292.39975,291.89975,292.39975,292.39975,292.29974,292.79974,293.19977,292.59976,292.39975,292.59976,292.09976,291.99976,291.79974,292.09976,292.59976,292.89975,292.89975,292.59976,292.49976,292.59976,292.19977,292.59976,292.79974,292.39975,292.39975,292.29974,291.59976,279.49976,282.59976,277.19977,277.19977,277.39975,276.39975
293.39975,293.19977,293.39975,293.59976,293.59976,293.59976,293.49976,293.69977,293.49976,293.49976,293.59976,293.39975,293.69977,293.59976,293.59976,293.19977,293.69977,293.99976,294.29974,294.19977,293.79974,293.09976,293.09976,292.69977,293.19977,294.29974,293.79974,293.39975,293.39975,292.99976,292.99976,293.19977,293.39975,293.09976,292.99976,292.99976,293.09976,292.69977,292.09976,292.39975,292.39975,292.69977,292.89975,292.59976,292.79974,292.89975,292.69977,293.19977,292.79974,292.69977,292.59976,291.89975,282.29974,279.79974,278.99976,271.19977,278.39975,274.29974,273.09976,274.39975
293.89975,293.79974,293.79974,294.19977,294.29974,294.39975,294.19977,294.29974,294.49976,294.39975,294.19977,294.09976,294.09976,294.49976,294.29974,293.69977,293.79974,294.09976,294.39975,293.79974,293.69977,293.69977,293.99976,293.79974,293.79974,294.09976,294.19977,294.09976,294.09976,293.69977,293.79974,293.59976,293.39975,293.39975,293.19977,292.79974,293.09976,292.99976,292.69977,292.79974,293.69977,293.39975,293.39975,292.99976,293.09976,292.99976,292.99976,293.29974,292.59976,292.59976,291.79974,284.99976,284.09976,280.89975,270.49976,276.29974,276.59976,278.29974,276.69977,278.09976
294.79974,294.49976,294.79974,294.69977,295.29974,294.69977,294.99976,294.69977,294.79974,294.99976,294.99976,294.69977,294.29974,294.29974,294.39975,294.09976,293.89975,293.79974,294.39975,294.59976,294.69977,294.69977,294.69977,294.59976,294.49976,294.39975,294.19977,294.59976,294.29974,294.09976,294.09976,293.89975,293.99976,293.59976,293.59976,293.49976,293.79974,293.69977,293.89975,293.69977,293.79974,293.39975,293.29974,293.29974,293.39975,293.69977,293.19977,292.89975,292.79974,292.69977,291.89975,277.49976,274.79974,279.59976,275.89975,279.99976,279.29974,280.19977,281.99976,280.19977
295.49976,295.39975,295.29974,295.59976,295.69977,295.79974,295.49976,295.49976,295.49976,295.19977,295.09976,294.79974,295.09976,295.09976,294.89975,294.39975,293.59976,294.19977,294.69977,294.79974,295.39975,294.99976,295.09976,294.99976,294.99976,294.69977,295.19977,294.39975,294.39975,294.29974,294.29974,294.29974,294.19977,293.89975,294.49976,294.09976,293.59976,293.89975,293.99976,294.09976,293.79974,293.59976,293.69977,293.49976,293.39975,293.69977,293.59976,293.29974,293.09976,292.39975,292.29974,283.59976,280.09976,283.29974,281.69977,281.69977,281.69977,281.49976,281.39975,282.09976
296.39975,296.09976,296.09976,295.59976,295.89975,296.39975,295.89975,295.89975,296.19977,295.99976,295.69977,295.69977,295.89975,295.69977,295.59976,295.29974,294.89975,295.49976,295.49976,295.39975,295.39975,295.39975,295.49976,295.89975,295.89975,295.69977,295.99976,295.69977,294.99976,295.19977,294.89975,294.59976,294.69977,294.59976,294.39975,294.39975,294.09976,294.39975,294.29974,294.19977,293.99976,294.19977,294.09976,293.89975,293.69977,293.69977,293.19977,293.09976,292.89975,292.19977,289.89975,287.89975,286.09976,284.89975,283.79974,284.09976,282.39975,280.89975,282.69977,284.09976
296.49976,296.89975,296.29974,295.99976,296.29974,296.59976,296.39975,296.29974,296.59976,296.29974,296.29974,296.19977,295.69977,295.49976,295.49976,295.79974,295.69977,296.19977,296.19977,295.99976,296.19977,295.79974,295.69977,295.49976,295.59976,295.69977,295.69977,295.39975,295.49976,295.69977,295.29974,295.09976,294.89975,294.89975,294.69977,294.79974,294.79974,294.69977,294.29974,294.89975,294.49976,294.09976,294.19977,294.49976,293.99976,293.49976,293.19977,292.19977,291.49976,290.09976,289.99976,289.99976,287.19977,284.99976,284.59976,284.29974,284.89975,282.39975,282.19977,283.99976
297.29974,297.49976,297.49976,296.69977,296.69977,297.09976,297.29974,296.89975,296.59976,296.59976,296.69977,296.19977,295.99976,295.99976,296.29974,296.39975,296.49976,296.39975,296.49976,296.49976,296.69977,296.59976,296.39975,296.09976,295.89975,295.79974,296.19977,295.79974,295.69977,295.69977,295.69977,295.19977,295.19977,295.39975,295.09976,294.79974,294.89975,294.99976,294.79974,294.69977,294.69977,294.59976,294.59976,294.09976,293.69977,293.49976,292.99976,288.59976,286.99976,290.59976,288.99976,288.39975,288.99976,288.69977,287.59976,287.99976,285.69977,285.19977,284.59976,284.99976
297.59976,297.89975,297.39975,296.89975,296.99976,297.59976,297.89975,297.59976,297.59976,297.09976,297.29974,296.79974,297.09976,297.29974,297.39975,297.19977,296.89975,296.69977,296.69977,296.69977,296.79974,296.89975,296.59976,296.39975,296.19977,296.19977,296.39975,296.09976,295.69977,295.99976,295.99976,295.99976,295.69977,295.69977,295.29974,294.99976,295.09976,294.89975,294.79974,294.79974,295.09976,294.89975,294.59976,293.99976,293.59976,293.49976,288.99976,287.39975,286.89975,286.79974,288.29974,288.19977,291.69977,290.99976,291.99976,289.89975,288.79974,285.89975,286.19977,286.39975
298.39975,298.49976,297.99976,297.79974,297.79974,298.09976,298.09976,297.79974,297.79974,297.39975,297.19977,297.49976,297.49976,297.49976,297.59976,297.29974,297.09976,297.39975,297.29974,297.09976,296.99976,296.89975,296.59976,296.39975,296.39975,296.29974,296.59976,296.49976,296.29974,296.29974,296.09976,296.09976,295.89975,295.69977,295.59976,295.39975,295.39975,294.89975,294.89975,295.09976,294.99976,294.99976,294.49976,293.69977,292.59976,291.49976,290.09976,290.39975,288.09976,287.89975,288.69977,288.69977,288.89975,289.59976,291.29974,290.49976,289.79974,288.79974,286.99976,287.89975
298.89975,298.69977,298.49976,298.39975,298.39975,298.29974,298.19977,297.99976,297.89975,297.79974,297.79974,297.69977,297.79974,297.49976,297.69977,297.99976,297.89975,297.49976,297.79974,297.59976,297.29974,297.19977,296.99976,296.99976,296.99976,296.89975,296.79974,296.69977,296.59976,296.49976,296.39975,295.99976,296.09976,295.79974,295.79974,295.59976,295.49976,294.89975,294.99976,295.09976,294.89975,294.89975,295.19977,293.29974,291.29974,289.39975,289.59976,288.79974,288.89975,289.39975,288.79974,290.39975,290.39975,291.79974,289.69977,289.29974,288.89975,288.49976,289.09976,289.09976
298.79974,298.69977,298.59976,298.69977,298.79974,298.49976,298.49976,298.39975,298.19977,298.39975,298.29974,298.19977,297.79974,297.69977,297.79974,298.09976,298.09976,297.79974,297.69977,297.79974,297.39975,297.39975,297.09976,297.09976,296.99976,296.89975,296.89975,296.69977,296.89975,296.69977,296.69977,296.39975,296.19977,295.89975,295.89975,295.69977,295.69977,295.49976,295.79974,294.99976,295.09976,294.49976,293.99976,291.99976,290.99976,291.49976,291.19977,289.99976,289.29974,289.69977,290.29974,292.09976,291.89975,290.89975,291.29974,291.09976,290.79974,290.59976,288.09976,289.49976
299.39975,298.89975,298.79974,298.89975,298.99976,298.99976,298.79974,298.49976,298.59976,298.59976,298.29974,298.19977,298.19977,297.99976,297.99976,298.19977,297.99976,297.99976,297.69977,297.79974,297.59976,297.59976,297.39975,297.29974,296.99976,296.89975,296.99976,296.99976,296.79974,296.69977,296.59976,296.49976,296.09976,295.99976,295.89975,295.69977,295.59976,295.49976,295.09976,295.29974,294.79974,294.29974,293.79974,291.69977,293.59976,292.49976,292.59976,292.29974,292.09976,292.69977,293.19977,292.69977,293.79974,293.19977,292.39975,292.19977,291.39975,290.79974,289.09976,289.09976
299.69977,299.19977,299.09976,298.99976,298.99976,298.99976,298.79974,298.69977,298.59976,298.39975,298.39975,298.39975,298.29974,298.29974,298.29974,298.09976,298.19977,297.89975,297.89975,297.79974,297.59976,297.59976,297.39975,297.09976,297.09976,297.09976,297.09976,296.89975,296.89975,296.59976,296.59976,296.29974,296.29974,296.19977,296.19977,295.69977,295.59976,295.49976,295.39975,295.69977,294.89975,294.29974,293.79974,291.69977,291.39975,295.49976,296.49976,292.89975,292.19977,293.49976,293.49976,294.39975,293.19977,293.09976,292.99976,291.99976,291.09976,290.59976,289.49976,289.79974
299.49976,299.49976,299.19977,299.19977,299.19977,298.89975,298.79974,298.59976,298.69977,298.59976,298.59976,298.59976,298.49976,298.39975,298.49976,298.19977,297.99976,297.99976,297.99976,297.99976,297.79974,297.69977,297.59976,297.29974,297.19977,297.29974,297.29974,296.99976,296.59976,296.79974,296.79974,296.39975,295.99976,296.29974,296.39975,295.49976,295.79974,295.99976,295.69977,295.89975,295.19977,294.59976,295.19977,293.89975,292.89975,293.69977,296.69977,295.29974,293.99976,294.79974,294.49976,293.39975,294.09976,294.19977,292.69977,292.79974,292.99976,291.69977,291.79974,290.79974
299.49976,299.39975,299.19977,299.09976,299.19977,299.09976,298.99976,298.79974,298.69977,298.79974,298.79974,298.79974,298.49976,298.39975,298.59976,298.29974,298.09976,298.09976,297.99976,297.89975,297.79974,297.69977,297.59976,297.49976,297.39975,297.29974,297.19977,297.09976,296.79974,296.99976,297.29974,296.49976,296.29974,296.49976,296.59976,296.19977,295.99976,295.99976,295.99976,295.99976,296.09976,295.29974,295.59976,294.79974,288.79974,292.29974,293.59976,293.29974,295.99976,295.09976,294.59976,294.29974,294.59976,294.19977,293.49976,293.19977,291.69977,293.19977,292.19977,291.99976
299.29974,299.49976,299.39975,299.09976,299.19977,299.09976,299.09976,298.79974,298.69977,298.79974,298.79974,298.69977,298.39975,298.59976,298.59976,298.39975,298.09976,298.19977,298.19977,297.89975,297.79974,297.69977,297.59976,297.49976,297.29974,297.29974,297.29974,297.39975,297.19977,296.99976,296.99976,296.79974,296.69977,296.79974,296.49976,296.19977,296.39975,296.49976,296.19977,296.29974,296.69977,296.19977,296.19977,295.59976,293.39975,293.19977,296.79974,296.09976,296.39975,296.99976,296.69977,295.79974,295.69977,294.19977,294.59976,293.69977,294.19977,293.69977,293.29974,293.29974
299.49976,299.59976,299.39975,299.09976,299.29974,299.29974,298.89975,298.99976,299.09976,299.09976,298.69977,298.59976,298.59976,298.79974,298.79974,298.29974,298.19977,298.19977,298.19977,297.99976,297.89975,297.89975,297.79974,297.59976,297.39975,297.49976,297.39975,297.49976,297.19977,296.99976,296.79974,296.79974,296.79974,296.69977,296.79974,295.39975,296.69977,296.69977,296.29974,296.49976,296.89975,297.39975,297.09976,295.09976,290.19977,295.19977,296.69977,298.69977,297.89975,297.99976,296.59976,295.99976,297.79974,296.09976,294.89975,292.69977,292.79974,292.79974,292.29974,292.29974
299.59976,299.59976,299.59976,299.49976,299.29974,299.19977,298.99976,298.99976,299.19977,298.99976,298.79974,298.89975,299.19977,298.79974,298.59976,298.49976,298.49976,298.49976,298.09976,297.99976,298.09976,297.99976,298.09976,297.89975,297.69977,297.69977,297.49976,297.29974,297.29974,297.09976,297.09976,297.09976,297.19977,297.19977,297.09976,296.99976,296.99976,296.69977,296.69977,296.49976,297.09976,297.69977,297.39975,295.79974,293.39975,295.39975,294.69977,296.89975,298.39975,296.39975,299.09976,296.89975,297.09976,296.59976,292.89975,292.59976,293.39975,292.99976,291.79974,291.39975
299.69977,299.69977,299.79974,299.59976,299.29974,299.29974,299.19977,299.29974,299.29974,298.99976,298.89975,298.89975,298.99976,298.59976,298.59976,298.49976,298.59976,298.49976,298.39975,298.19977,297.89975,298.09976,298.09976,297.89975,297.89975,297.69977,297.39975,297.39975,297.29974,297.29974,297.39975,297.29974,297.19977,297.29974,297.19977,297.59976,297.59976,297.49976,298.29974,297.99976,297.49976,297.59976,297.29974,293.39975,292.39975,295.89975,298.29974,297.69977,300.39975,300.39975,296.29974,296.29974,295.49976,294.09976,294.49976,294.79974,294.49976,290.79974,290.89975,290.99976
299.69977,299.79974,299.79974,299.69977,299.59976,299.39975,299.29974,299.29974,299.39975,299.29974,298.89975,298.89975,299.09976,299.09976,298.89975,298.69977,298.69977,298.49976,298.39975,298.29974,298.09976,297.99976,297.99976,297.89975,297.79974,297.69977,297.69977,297.59976,297.59976,297.49976,297.89975,297.79974,297.69977,297.49976,297.49976,297.89975,297.69977,297.79974,298.19977,297.99976,297.59976,297.59976,297.29974,295.49976,294.49976,298.19977,298.09976,299.59976,301.19977,300.29974,298.69977,297.59976,294.09976,291.29974,291.79974,293.49976,292.89975,291.09976,291.59976,290.99976
299.69977,299.69977,299.79974,299.69977,299.59976,299.49976,299.59976,299.49976,299.39975,299.29974,299.09976,299.29974,299.29974,299.09976,298.89975,298.69977,298.89975,298.59976,298.49976,298.49976,298.19977,298.09976,297.99976,297.99976,297.99976,297.79974,297.89975,297.99976,297.79974,297.69977,297.99976,298.49976,298.39975,298.19977,298.39975,298.19977,298.19977,298.39975,298.59976,298.49976,298.29974,298.49976,297.99976,296.69977,295.19977,296.59976,297.29974,300.09976,301.09976,297.69977,298.29974,295.09976,290.49976,291.89975,294.49976,294.19977,290.99976,291.29974,290.29974,292.59976
