canvas/spatial-painter/temperatureData.json
{"header": { "discipline": 0, "disciplineName": "Meteorological products", "gribEdition": 2, "gribLength": 49567, "center": 7, "centerName": "US National Weather Service - NCEP(WMC)", "subcenter": 0, "refTime": "2022-12-29T00:00:00.000Z", "significanceOfRT": 1, "significanceOfRTName": "Start of forecast", "productStatus": 0, "productStatusName": "Operational products", "productType": 1, "productTypeName": "Forecast products", "productDefinitionTemplate": 0, "productDefinitionTemplateName": "Analysis/forecast at horizontal level/layer at a point in time", "parameterCategory": 0, "parameterCategoryName": "Temperature", "parameterNumber": 0, "parameterNumberName": "Temperature", "parameterUnit": "K", "genProcessType": 2, "genProcessTypeName": "Forecast", "forecastTime": 24, "surface1Type": 1, "surface1TypeName": "Ground or water surface", "surface1Value": 0, "surface2Type": 255, "surface2TypeName": "Missing", "surface2Value": 0, "gridDefinitionTemplate": 0, "gridDefinitionTemplateName": "Latitude_Longitude", "numberPoints": 65160, "shape": 6, "shapeName": "Earth spherical with radius of 6,371,229.0 m", "gridUnits": "degrees", "resolution": 48, "winds": "true", "scanMode": 0, "nx": 360, "ny": 181, "basicAngle": 0, "lo1": 0, "la1": 90, "lo2": 359, "la2": -90, "dx": 1, "dy": 1 }, "data":
[rows 0 to 25 of 181, columns 180 to 239 of 360]
251.89975,251.89975,251.89975,251.89975,251.89975,251.89975,251.89975,251.89975,251.89975,251.89975,251.89975,251.89975,251.89975,251.89975,251.89975,251.89975,251.89975,251.89975,251.89975,251.89975,251.89975,251.89975,251.89975,251.89975,251.89975,251.89975,251.89975,251.89975,251.89975,251.89975,251.89975,251.89975,251.89975,251.89975,251.89975,251.89975,251.89975,251.89975,251.89975,251.89975,251.89975,251.89975,251.89975,251.89975,251.89975,251.89975,251.89975,251.89975,251.89975,251.89975,251.89975,251.89975,251.89975,251.89975,251.89975,251.89975,251.89975,251.89975,251.89975,251.89975
248.49976,248.49976,248.49976,248.49976,248.49976,248.39975,248.39975,248.39975,248.39975,248.39975,248.39975,248.39975,248.39975,248.19975,248.19975,248.19975,248.19975,248.19975,248.79976,248.79976,248.79976,248.39975,248.39975,248.39975,248.39975,248.29976,248.29976,248.29976,248.29976,248.29976,248.09976,248.39975,248.39975,248.39975,248.39975,248.49976,248.49976,248.49976,248.49976,248.49976,248.29976,248.49976,248.49976,248.49976,248.49976,248.49976,248.59976,248.59976,248.59976,248.59976,248.79976,248.79976,248.79976,248.69975,248.69975,248.79976,248.79976,248.79976,248.99976,248.99976
242.49976,242.39975,242.29976,242.29976,242.29976,241.99976,241.49976,241.49976,241.49976,241.29976,241.09976,241.59976,241.49976,242.09976,241.89975,241.89975,241.59976,241.59976,241.19975,241.29976,241.69975,242.59976,242.39975,242.39975,242.39975,242.09976,242.59976,242.19975,242.69975,242.59976,242.59976,242.59976,243.09976,243.09976,243.19975,243.19975,243.19975,243.19975,243.19975,243.59976,243.59976,243.59976,243.69975,243.49976,243.99976,243.89975,244.19975,244.19975,244.39975,244.59976,244.49976,244.49976,244.49976,244.99976,244.99976,245.29976,245.29976,245.99976,246.09976,246.09976
236.99976,236.89975,236.89975,236.79976,236.79976,236.89975,236.89975,236.89975,236.99976,236.99976,236.99976,237.29976,237.29976,237.09976,237.09976,237.09976,237.09976,237.09976,237.09976,237.19975,237.19975,237.29976,237.19975,237.19975,237.19975,237.19975,237.29976,237.29976,237.29976,237.29976,237.39975,237.39975,237.39975,237.49976,237.39975,237.49976,237.39975,237.59976,237.69975,237.69975,237.79976,237.69975,237.89975,238.39975,238.29976,238.19975,238.49976,238.79976,238.89975,239.49976,239.79976,239.99976,240.09976,240.09976,240.19975,240.99976,240.99976,241.19975,242.19975,242.29976
236.29976,236.59976,236.79976,236.69975,236.69975,236.79976,236.79976,236.79976,236.79976,236.79976,237.19975,237.19975,236.99976,236.99976,237.29976,237.29976,236.99976,237.09976,236.99976,236.99976,237.09976,237.09976,236.89975,237.09976,237.39975,236.99976,236.99976,237.09976,237.09976,236.99976,237.09976,237.09976,237.19975,237.19975,237.59976,237.69975,237.69975,237.39975,237.39975,237.39975,237.49976,237.49976,237.49976,237.39975,237.29976,237.29976,237.09976,237.19975,237.09976,236.79976,236.79976,236.99976,236.99976,237.09976,237.09976,237.29976,237.49976,237.49976,237.69975,238.49976
236.89975,237.29976,236.89975,236.89975,236.69975,236.69975,236.69975,236.69975,236.69975,236.59976,236.59976,236.59976,236.59976,236.69975,236.69975,236.69975,236.79976,236.69975,237.09976,236.89975,236.79976,236.79976,236.99976,237.09976,237.09976,237.19975,237.19975,237.29976,237.29976,237.49976,237.49976,237.49976,237.49976,237.99976,237.69975,238.19975,238.09976,238.19975,237.49976,237.59976,237.19975,237.49976,238.39975,238.49976,237.09976,237.09976,237.89975,238.19975,236.99976,236.99976,236.99976,237.09976,237.19975,236.79976,236.49976,236.49976,236.29976,236.29976,236.49976,236.39975
237.79976,237.59976,237.79976,238.19975,238.39975,238.59976,238.19975,238.29976,238.69975,239.49976,239.89975,240.39975,240.69975,240.89975,240.89975,241.09976,241.09976,241.39975,241.39975,241.49976,241.99976,241.99976,241.79976,241.99976,241.99976,241.69975,241.69975,241.59976,241.49976,241.09976,240.59976,240.09976,239.79976,239.59976,239.39975,239.59976,239.29976,239.49976,239.69975,239.59976,239.49976,239.29976,239.09976,239.09976,238.89975,238.69975,238.39975,238.29976,238.29976,237.39975,237.49976,238.29976,236.89975,236.89975,237.59976,236.49976,236.69975,235.99976,235.89975,235.89975
240.79976,240.99976,240.49976,241.69975,241.89975,241.89975,241.39975,241.49976,241.79976,241.99976,241.69975,241.89975,242.09976,241.99976,241.99976,241.39975,241.59976,241.69975,241.69975,241.59976,241.69975,241.69975,241.69975,241.49976,241.49976,241.79976,241.59976,241.69975,241.69975,241.69975,241.59976,241.59976,241.79976,241.99976,242.49976,242.49976,242.39975,242.19975,241.99976,241.09976,241.39975,241.49976,241.19975,240.89975,241.29976,240.99976,240.39975,239.39975,239.29976,238.99976,238.99976,238.49976,238.19975,237.79976,237.29976,236.99976,236.99976,236.49976,236.49976,235.69975
250.89975,249.99976,248.59976,247.99976,247.89975,247.99976,247.19975,247.39975,247.69975,247.09976,247.29976,247.59976,246.89975,247.49976,247.29976,247.29976,246.89975,246.89975,246.59976,246.09976,245.89975,245.79976,246.19975,245.99976,245.69975,245.89975,245.99976,245.69975,245.59976,245.39975,245.29976,244.69975,244.39975,243.79976,243.39975,243.29976,242.49976,241.99976,241.49976,241.19975,240.99976,240.89975,240.89975,241.09976,241.39975,241.29976,240.99976,241.99976,241.89975,241.89975,241.69975,241.09976,240.39975,239.99976,239.59976,239.29976,238.59976,238.29976,237.89975,237.59976
253.79976,254.09976,253.69975,253.69975,253.29976,253.09976,253.09976,252.79976,252.49976,252.09976,251.69975,250.99976,250.29976,250.29976,250.59976,250.69975,251.39975,250.29976,250.69975,250.69975,251.29976,250.99976,250.49976,250.59976,250.29976,250.29976,250.09976,249.49976,249.59976,249.19975,248.99976,248.39975,247.19975,246.09976,245.79976,244.69975,243.69975,243.49976,242.39975,241.79976,241.09976,240.69975,240.89975,240.69975,240.69975,240.79976,240.99976,240.79976,240.79976,240.79976,241.39975,241.39975,241.89975,241.49976,241.39975,241.59976,240.99976,241.89975,241.49976,240.89975
252.39975,251.59976,251.99976,252.19975,252.39975,251.99976,251.09976,248.79976,247.09976,246.39975,246.39975,246.99976,246.89975,247.69975,247.89975,248.69975,249.09976,249.19975,249.29976,248.49976,247.99976,247.59976,247.39975,247.59976,247.49976,247.49976,246.79976,246.29976,245.49976,244.19975,242.79976,242.09976,241.99976,242.39975,242.19975,242.29976,242.49976,242.39975,242.39975,242.39975,242.69975,242.59976,242.29976,241.99976,241.89975,241.69975,241.79976,241.69975,241.79976,241.69975,242.49976,243.39975,243.49976,242.79976,242.49976,242.19975,242.19975,241.89975,241.79976,241.49976
251.19975,248.69975,248.19975,247.19975,246.19975,242.99976,242.09976,242.39975,243.19975,242.99976,242.89975,243.09976,243.09976,242.79976,242.79976,242.39975,242.79976,243.49976,243.49976,244.09976,243.89975,243.89975,244.59976,244.79976,245.19975,245.09976,244.09976,243.39975,242.59976,242.39975,242.59976,242.39975,241.89975,241.39975,240.79976,240.59976,240.59976,240.99976,240.79976,241.19975,241.29976,241.49976,241.59976,241.79976,242.29976,242.29976,242.39975,242.29976,242.19975,241.99976,241.99976,242.49976,242.09976,241.89975,241.89975,241.59976,241.49976,241.69975,241.49976,241.59976
243.79976,242.99976,241.59976,240.69975,239.99976,239.49976,239.49976,239.89975,239.99976,239.59976,239.79976,239.89975,239.89975,239.99976,240.29976,240.59976,240.79976,240.89975,241.09976,240.99976,241.09976,241.49976,241.29976,241.29976,241.59976,241.59976,241.79976,241.79976,241.89975,241.89975,241.99976,241.79976,241.39975,241.39975,241.19975,241.09976,241.19975,241.49976,241.59976,241.19975,240.89975,240.69975,240.89975,240.99976,241.09976,241.29976,241.49976,241.79976,241.89975,241.39975,241.39975,241.59976,241.39975,241.49976,241.29976,241.09976,240.89975,240.79976,240.59976,240.49976
241.39975,240.29976,239.89975,239.89975,239.49976,239.69975,239.39975,239.59976,239.39975,239.59976,239.79976,240.19975,240.19975,240.39975,241.09976,240.79976,241.19975,241.79976,241.89975,242.29976,242.49976,242.29976,242.19975,242.69975,242.49976,242.79976,242.69975,242.69975,242.19975,242.09976,242.49976,242.09976,241.89975,241.99976,241.89975,241.69975,241.79976,241.69975,241.59976,241.39975,241.49976,241.29976,241.19975,241.19975,241.59976,241.29976,241.39975,241.29976,241.09976,240.99976,241.19975,241.19975,241.09976,240.89975,240.79976,240.49976,240.49976,240.29976,240.39975,241.19975
240.69975,240.19975,239.89975,239.69975,239.59976,239.59976,239.69975,240.29976,240.69975,240.99976,241.09976,241.29976,241.29976,241.29976,241.39975,241.59976,241.79976,241.89975,242.09976,242.39975,242.49976,242.69975,242.89975,242.89975,242.89975,243.09976,242.99976,242.99976,242.69975,242.79976,242.59976,242.69975,242.49976,242.59976,242.29976,242.49976,242.19975,242.29976,242.39975,242.19975,242.19975,242.29976,242.29976,242.19975,242.39975,242.19975,241.99976,241.79976,242.09976,241.89975,241.59976,241.39975,241.29976,241.09976,241.09976,240.59976,240.59976,240.19975,239.89975,239.39975
240.69975,239.79976,239.79976,240.09976,241.19975,242.19975,242.39975,242.89975,243.09976,243.29976,243.69975,242.99976,242.89975,242.69975,242.59976,242.79976,243.19975,244.19975,243.89975,242.39975,242.49976,242.69975,242.59976,242.59976,242.99976,242.89975,242.69975,242.69975,242.69975,242.89975,242.89975,242.59976,242.59976,242.59976,242.59976,242.19975,241.99976,241.79976,241.59976,241.69975,241.69975,241.39975,241.09976,241.39975,241.19975,241.19975,241.09976,240.99976,240.89975,240.59976,240.79976,240.99976,241.39975,241.79976,241.99976,241.89975,241.79976,241.09976,240.89975,240.49976
240.49976,240.19975,241.19975,241.79976,242.79976,244.39975,245.19975,244.49976,244.79976,245.29976,246.19975,246.19975,246.49976,246.29976,246.09976,245.79976,245.99976,245.79976,245.59976,245.29976,244.89975,244.69975,243.89975,244.59976,244.09976,243.99976,244.49976,244.09976,244.39975,244.69975,244.99976,245.19975,245.49976,245.49976,244.99976,244.89975,245.09976,244.69975,244.39975,243.99976,243.69975,243.69975,243.79976,243.69975,243.59976,243.39975,243.39975,242.99976,242.59976,242.29976,242.19975,242.19975,242.09976,242.89975,242.69975,241.99976,238.49976,241.99976,241.29976,235.39975
241.19975,241.29976,242.09976,244.39975,245.39975,245.99976,245.29976,245.39975,246.29976,246.79976,246.89975,246.99976,247.59976,247.49976,247.49976,247.79976,249.49976,249.39975,249.49976,249.59976,250.09976,250.59976,250.29976,248.39975,247.99976,246.89975,246.79976,246.79976,246.89975,246.79976,246.39975,246.39975,246.29976,246.39975,246.19975,246.19975,245.89975,245.39975,245.49976,245.19975,244.59976,244.39975,244.19975,244.19975,244.29976,244.49976,244.29976,244.49976,244.79976,245.09976,244.79976,244.99976,245.39975,245.59976,244.99976,244.79976,243.99976,242.99976,242.09976,242.49976
241.79976,242.89975,244.29976,246.89975,247.29976,248.79976,250.39975,250.59976,250.99976,251.09976,251.19975,251.79976,252.19975,252.49976,252.29976,251.29976,250.59976,250.49976,249.59976,249.29976,249.59976,249.59976,249.89975,249.59976,249.49976,249.09976,248.79976,248.49976,247.59976,247.69975,247.69975,247.79976,247.69975,247.69975,247.69975,247.99976,247.69975,247.99976,247.79976,248.09976,248.39975,248.19975,247.19975,246.29976,247.19975,247.49976,247.49976,247.19975,246.69975,244.99976,245.09976,244.59976,244.39975,244.29976,242.69975,240.09976,244.59976,241.89975,237.79976,240.59976
244.59976,245.59976,244.99976,246.79976,248.99976,251.59976,251.99976,251.99976,252.09976,252.79976,252.89975,253.19975,253.39975,253.39975,253.79976,254.49976,254.59976,255.09976,255.99976,256.59976,256.39975,258.29974,259.69977,249.99976,249.69975,249.89975,251.29976,250.79976,250.89975,250.39975,250.29976,250.19975,249.49976,249.19975,249.09976,248.79976,248.69975,248.89975,249.49976,249.59976,249.59976,250.09976,250.89975,251.49976,252.19975,253.29976,253.19975,253.59976,252.89975,252.59976,253.39975,253.59976,252.79976,252.69975,252.89975,253.59976,253.29976,252.09976,253.39975,253.89975
244.59976,244.69975,247.89975,249.59976,249.39975,250.29976,251.09976,250.89975,251.49976,252.79976,253.29976,254.19975,254.69975,254.59976,254.79976,254.39975,254.19975,254.09976,248.29976,247.69975,247.79976,247.59976,247.49976,247.79976,246.69975,248.29976,247.39975,247.69975,246.89975,245.79976,246.79976,247.19975,248.19975,246.69975,246.19975,246.29976,245.99976,248.99976,251.49976,251.09976,250.79976,250.29976,250.99976,251.59976,252.59976,252.89975,252.89975,254.09976,254.39975,254.29976,254.09976,255.29976,253.79976,254.09976,255.49976,255.09976,255.39975,255.19975,255.09976,255.19975
243.89975,247.99976,248.99976,248.29976,248.99976,250.29976,250.29976,251.69975,252.69975,254.39975,255.49976,255.79976,255.99976,255.59976,254.29976,254.09976,248.89975,241.89975,242.99976,242.49976,242.89975,242.79976,245.19975,243.09976,238.59976,236.89975,237.09976,236.99976,236.99976,237.59976,240.09976,241.79976,244.29976,251.09976,248.09976,245.69975,247.39975,247.89975,241.79976,246.39975,246.19975,241.89975,239.89975,247.99976,246.29976,245.99976,244.79976,251.19975,248.59976,250.59976,251.29976,251.39975,252.39975,252.79976,253.59976,254.29976,254.39975,253.69975,252.99976,252.19975
238.29976,242.79976,249.69975,249.09976,249.59976,249.79976,251.09976,253.29976,254.59976,255.69975,257.99976,256.89975,257.59976,258.99976,259.49976,250.09976,247.19975,249.09976,245.79976,240.79976,241.09976,241.79976,244.99976,245.69975,247.79976,242.89975,244.89975,247.89975,248.49976,250.49976,251.39975,251.09976,250.19975,246.59976,248.89975,248.59976,251.89975,248.99976,247.79976,245.49976,243.19975,243.49976,247.79976,248.99976,254.09976,243.49976,247.49976,247.99976,249.39975,249.59976,248.69975,250.79976,249.39975,250.19975,251.09976,247.59976,246.59976,243.09976,243.89975,242.39975
234.49976,236.29976,242.19975,248.79976,247.59976,248.09976,249.49976,251.59976,254.99976,258.19977,259.99976,258.79974,258.59976,258.29974,259.29974,260.39975,258.59976,254.79976,260.49976,247.59976,251.09976,251.09976,250.89975,253.79976,254.19975,254.59976,252.19975,252.69975,253.39975,253.09976,248.49976,246.89975,249.19975,248.79976,249.29976,248.79976,251.59976,247.49976,253.59976,254.49976,254.09976,250.29976,249.49976,249.09976,251.69975,244.99976,242.09976,244.09976,244.39975,245.39975,244.09976,243.49976,245.49976,247.49976,246.59976,244.59976,244.49976,246.69975,244.79976,248.19975
240.59976,243.59976,244.19975,245.79976,242.59976,242.69975,245.79976,241.49976,239.79976,242.09976,251.69975,259.89975,258.69977,257.29974,254.99976,251.39975,251.29976,249.69975,249.29976,242.79976,251.99976,252.79976,252.49976,256.39975,257.79974,255.69975,254.49976,251.59976,246.39975,245.89975,241.49976,245.49976,244.99976,245.59976,245.39975,246.79976,242.69975,246.89975,254.59976,251.29976,248.79976,249.19975,247.79976,251.79976,249.49976,246.89975,245.79976,246.39975,244.09976,242.29976,242.29976,245.89975,246.39975,246.89975,246.99976,242.89975,245.29976,242.99976,252.19975,258.29974
246.39975,258.59976,258.09976,263.99976,270.69977,244.09976,244.09976,242.19975,251.89975,258.59976,262.59976,263.39975,259.59976,258.69977,248.59976,247.09976,246.19975,248.39975,253.09976,256.59976,262.89975,257.99976,254.29976,255.19975,255.39975,254.29976,254.59976,248.59976,245.69975,247.89975,249.49976,248.99976,250.59976,253.79976,252.69975,254.89975,252.19975,256.79974,251.99976,247.69975,250.49976,257.69977,257.69977,252.49976,255.09976,258.99976,253.49976,250.59976,249.89975,254.29976,251.69975,250.79976,255.09976,246.69975,243.29976,243.49976,244.49976,248.29976,249.49976,249.99976
