canvas/spatial-painter/temperatureData.json
{"header": { "discipline": 0, "disciplineName": "Meteorological products", "gribEdition": 2, "gribLength": 49567, "center": 7, "centerName": "US National Weather Service - NCEP(WMC)", "subcenter": 0, "refTime": "2022-12-29T00:00:00.000Z", "significanceOfRT": 1, "significanceOfRTName": "Start of forecast", "productStatus": 0, "productStatusName": "Operational products", "productType": 1, "productTypeName": "Forecast products", "productDefinitionTemplate": 0, "productDefinitionTemplateName": "Analysis/forecast at horizontal level/layer at a point in time", "parameterCategory": 0, "parameterCategoryName": "Temperature", "parameterNumber": 0, "parameterNumberName": "Temperature", "parameterUnit": "K", "genProcessType": 2, "genProcessTypeName": "Forecast", "forecastTime": 24, "surface1Type": 1, "surface1TypeName": "Ground or water surface", "surface1Value": 0, "surface2Type": 255, "surface2TypeName": "Missing", "surface2Value": 0, "gridDefinitionTemplate": 0, "gridDefinitionTemplateName": "Latitude_Longitude", "numberPoints": 65160, "shape": 6, "shapeName": "Earth spherical with radius of 6,371,229.0 m", "gridUnits": "degrees", "resolution": 48, "winds": "true", "scanMode": 0, "nx": 360, "ny": 181, "basicAngle": 0, "lo1": 0, "la1": 90, "lo2": 359, "la2": -90, "dx": 1, "dy": 1 }, "data":
[rows 130 to 155 of 181, columns 240 to 299 of 360]
287.99976,288.89975,288.69977,287.89975,288.09976,288.19977,288.59976,288.69977,288.79974,288.29974,288.49976,288.89975,288.89975,288.69977,288.99976,288.69977,288.79974,288.89975,288.99976,288.99976,289.09976,289.09976,288.89975,288.69977,288.59976,288.79974,288.49976,288.89975,289.29974,289.39975,289.19977,288.69977,288.89975,288.69977,288.69977,288.59976,288.29974,288.69977,288.99976,288.99976,288.59976,288.89975,288.99976,289.19977,288.89975,288.59976,287.69977,291.69977,284.89975,291.49976,299.39975,299.49976,301.19977,304.99976,303.29974,301.89975,302.69977,295.39975,293.89975,291.49976
286.69977,287.09976,287.49976,287.59976,287.49976,287.29974,287.39975,287.69977,287.59976,287.49976,287.69977,287.59976,287.29974,287.59976,287.79974,287.69977,287.69977,287.99976,287.89975,288.09976,287.99976,288.29974,288.49976,288.09976,287.89975,288.09976,287.79974,287.79974,288.09976,288.09976,288.09976,288.09976,287.79974,287.69977,288.09976,287.79974,287.79974,287.79974,287.69977,288.19977,288.09976,288.09976,288.29974,288.69977,288.49976,288.19977,287.09976,287.69977,285.99976,290.39975,294.29974,296.99976,296.99976,298.79974,300.49976,290.59976,294.09976,292.29974,291.39975,290.79974
285.79974,286.39975,286.29974,286.69977,286.89975,286.09976,286.29974,286.49976,286.59976,286.29974,286.29974,286.49976,286.69977,286.29974,286.59976,286.79974,286.39975,286.59976,286.79974,286.69977,287.39975,287.19977,287.09976,286.89975,286.79974,287.09976,287.29974,287.39975,286.89975,286.79974,287.09976,286.99976,286.99976,286.99976,286.99976,287.09976,287.19977,287.39975,287.29974,287.49976,287.59976,287.39975,287.49976,287.79974,288.09976,287.69977,286.99976,287.59976,283.29974,290.29974,293.79974,288.99976,292.89975,297.39975,298.29974,292.59976,288.39975,288.69977,288.99976,290.29974
285.49976,285.09976,285.19977,285.29974,285.69977,285.29974,285.19977,285.29974,285.89975,285.49976,285.29974,285.29974,285.39975,285.59976,285.79974,285.69977,285.59976,285.49976,285.79974,285.79974,285.99976,285.99976,286.29974,286.29974,285.79974,285.69977,285.99976,285.99976,285.79974,285.99976,285.89975,286.09976,286.79974,286.19977,285.89975,285.99976,286.59976,286.39975,286.49976,286.59976,286.49976,286.49976,286.79974,286.89975,287.29974,287.09976,285.19977,284.79974,280.49976,287.39975,288.59976,290.09976,291.69977,298.79974,298.79974,293.39975,288.69977,289.69977,290.09976,289.29974
284.49976,284.59976,284.89975,284.99976,284.69977,285.09976,284.99976,284.49976,284.49976,284.49976,284.79974,284.69977,284.39975,284.39975,284.69977,284.89975,284.39975,284.39975,284.99976,284.79974,284.99976,285.09976,284.89975,284.79974,285.29974,285.19977,285.09976,284.99976,285.19977,285.29974,285.09976,285.29974,285.59976,285.39975,285.39975,285.29974,285.09976,285.39975,285.59976,285.69977,285.69977,285.99976,285.89975,286.59976,286.79974,285.79974,285.39975,281.59976,277.79974,284.59976,283.39975,289.99976,292.69977,295.99976,290.29974,288.19977,289.49976,289.49976,289.29974,288.69977
283.39975,283.69977,283.49976,283.99976,283.79974,284.09976,284.19977,284.49976,284.99976,284.69977,285.19977,284.69977,284.69977,284.49976,284.29974,284.19977,283.59976,283.99976,284.19977,284.09976,283.79974,284.09976,284.49976,284.09976,284.09976,284.39975,284.29974,284.29974,284.29974,284.09976,284.09976,284.29974,284.39975,284.59976,285.09976,284.49976,284.49976,284.59976,284.99976,284.79974,284.99976,285.19977,285.29974,285.29974,286.19977,285.69977,282.19977,280.39975,279.59976,284.09976,288.89975,290.69977,291.99976,291.19977,288.79974,287.89975,287.99976,288.19977,287.99976,287.59976
282.59976,282.39975,282.39975,282.59976,282.99976,283.49976,283.09976,283.39975,283.49976,283.39975,283.89975,284.29974,284.09976,284.79974,283.79974,283.69977,283.79974,283.19977,283.59976,283.29974,283.19977,282.99976,283.19977,283.19977,283.59976,283.19977,283.69977,283.89975,284.09976,283.59976,283.59976,283.59976,283.79974,283.79974,283.79974,283.99976,283.89975,284.09976,284.19977,284.19977,284.09976,284.79974,284.99976,285.09976,285.59976,280.99976,282.59976,273.29974,277.69977,283.89975,290.09976,291.79974,290.79974,287.79974,287.89975,286.79974,287.39975,287.29974,287.29974,286.39975
282.19977,281.79974,281.79974,281.99976,281.89975,281.59976,281.99976,282.29974,282.59976,282.59976,282.29974,282.59976,282.89975,282.79974,282.59976,283.09976,283.49976,283.59976,284.09976,283.59976,283.49976,283.09976,282.79974,282.79974,282.89975,282.79974,282.59976,282.69977,282.59976,282.79974,282.89975,282.99976,282.89975,283.39975,283.09976,283.09976,283.09976,283.29974,283.59976,282.89975,283.39975,283.89975,283.69977,284.39975,285.29974,285.49976,281.49976,277.09976,281.59976,284.89975,288.39975,290.69977,291.39975,288.29974,286.39975,284.89975,285.49976,285.79974,285.99976,284.99976
281.69977,281.59976,281.39975,281.39975,281.09976,281.09976,281.09976,281.29974,281.79974,281.99976,281.59976,281.89975,282.29974,282.29974,282.29974,282.09976,282.19977,282.39975,282.09976,282.49976,282.49976,282.59976,282.69977,282.89975,282.99976,282.49976,282.19977,282.29974,282.19977,282.19977,282.19977,282.39975,282.29974,282.49976,281.99976,282.29974,282.29974,282.49976,282.69977,282.69977,282.79974,282.89975,282.99976,283.19977,284.49976,281.39975,284.29974,278.69977,280.39975,284.99976,286.69977,290.19977,293.69977,288.89975,285.79974,283.89975,285.09976,285.59976,285.39975,284.39975
280.99976,281.09976,280.79974,280.79974,280.79974,280.79974,280.89975,280.89975,281.09976,280.99976,280.99976,281.29974,281.29974,281.09976,281.39975,281.49976,281.39975,281.29974,281.49976,281.59976,281.49976,281.59976,281.49976,281.59976,281.39975,281.69977,281.59976,281.59976,281.49976,281.29974,281.29974,281.99976,281.39975,281.19977,281.49976,281.39975,281.69977,282.19977,281.99976,281.79974,281.99976,282.49976,282.59976,282.89975,284.09976,279.79974,277.79974,275.19977,281.39975,287.69977,289.69977,291.79974,287.49976,284.09976,284.79974,284.89975,284.89975,284.79974,284.59976,283.79974
280.79974,280.39975,280.09976,280.59976,280.49976,280.09976,280.39975,280.59976,280.59976,280.49976,280.49976,280.69977,280.89975,280.99976,280.79974,280.69977,280.89975,280.99976,280.89975,280.89975,280.89975,280.79974,280.99976,280.99976,280.79974,280.69977,280.89975,280.99976,280.99976,280.79974,280.79974,281.19977,281.09976,280.99976,281.29974,281.09976,280.89975,281.29974,281.39975,281.59976,281.49976,281.69977,281.79974,281.89975,283.29974,283.99976,275.99976,276.99976,285.99976,284.99976,288.49976,292.19977,289.89975,283.69977,284.19977,284.09976,283.89975,283.79974,283.49976,282.99976
280.39975,279.79974,279.49976,279.69977,279.79974,279.99976,280.09976,280.19977,280.39975,280.29974,280.09976,280.09976,280.19977,280.29974,280.29974,280.49976,280.39975,280.29974,280.59976,280.29974,280.19977,280.19977,280.49976,280.39975,280.29974,280.29974,280.39975,280.19977,280.09976,280.29974,280.49976,280.39975,280.39975,280.39975,280.69977,280.69977,280.59976,280.69977,280.99976,280.99976,280.89975,281.19977,281.09976,281.79974,282.69977,280.19977,278.59976,273.99976,282.59976,284.29974,284.29974,283.19977,283.09976,282.79974,283.19977,283.09976,282.59976,282.09976,282.29974,282.19977
279.99976,279.79974,279.69977,279.79974,279.79974,280.09976,279.99976,279.99976,279.89975,279.79974,279.69977,279.79974,280.09976,279.89975,279.89975,280.09976,280.09976,280.09976,280.29974,280.29974,280.09976,280.09976,280.19977,280.09976,280.09976,279.99976,279.89975,279.89975,279.89975,279.99976,280.09976,280.19977,280.29974,280.09976,280.19977,280.29974,280.39975,280.19977,280.49976,280.69977,280.69977,280.59976,280.69977,281.29974,281.59976,279.79974,279.99976,277.79974,278.89975,280.59976,281.59976,282.09976,281.99976,281.19977,281.59976,281.59976,281.39975,280.89975,281.79974,281.59976
279.09976,278.89975,278.99976,278.99976,279.19977,279.59976,279.69977,279.89975,279.79974,279.49976,279.49976,279.79974,279.79974,279.69977,279.59976,279.89975,279.99976,279.69977,279.79974,279.99976,279.79974,279.79974,279.79974,279.79974,279.69977,279.69977,279.49976,279.69977,279.79974,279.79974,279.79974,279.69977,279.79974,279.89975,279.89975,279.79974,279.89975,280.09976,280.19977,280.29974,280.19977,280.49976,280.69977,280.89975,280.49976,281.49976,280.09976,276.69977,277.89975,280.19977,279.79974,279.69977,281.89975,280.79974,281.29974,280.79974,279.99976,280.19977,280.39975,280.89975
278.69977,278.49976,278.39975,278.59976,278.89975,279.39975,279.49976,279.79974,279.79974,279.39975,279.49976,279.39975,279.39975,279.49976,279.29974,279.29974,279.49976,279.69977,279.69977,279.59976,279.49976,279.49976,279.49976,279.49976,279.39975,279.49976,279.59976,279.49976,279.49976,279.39975,279.39975,279.49976,279.49976,279.49976,279.49976,279.59976,279.69977,279.89975,279.69977,279.69977,279.99976,279.89975,279.69977,279.99976,280.19977,280.09976,280.99976,281.99976,277.19977,279.49976,277.59976,277.89975,279.89975,282.09976,281.29974,280.59976,279.79974,279.19977,279.79974,279.79974
278.09976,278.39975,278.39975,278.19977,278.29974,278.59976,278.49976,278.49976,278.89975,278.59976,278.29974,278.39975,278.99976,278.99976,278.79974,278.79974,278.99976,279.29974,279.29974,279.09976,279.09976,279.19977,279.19977,279.19977,279.29974,279.19977,279.29974,279.09976,279.19977,279.19977,279.29974,279.19977,279.19977,279.29974,279.29974,279.29974,279.19977,279.19977,279.29974,279.49976,279.59976,279.59976,279.39975,279.49976,279.49976,279.69977,279.89975,280.39975,280.89975,280.59976,278.69977,274.59976,275.49976,281.29974,280.19977,280.19977,279.29974,278.79974,278.69977,278.69977
278.29974,278.19977,278.19977,278.29974,278.29974,278.29974,278.09976,277.99976,277.99976,277.99976,277.99976,277.99976,278.29974,278.69977,278.59976,278.39975,278.69977,278.79974,278.79974,278.49976,278.69977,278.89975,278.89975,278.89975,278.89975,278.79974,278.79974,278.99976,278.89975,279.09976,279.09976,278.99976,278.89975,278.99976,279.09976,278.99976,278.89975,279.09976,279.19977,279.19977,279.09976,279.09976,278.99976,278.99976,279.09976,279.19977,279.49976,279.49976,279.39975,279.69977,280.59976,280.89975,280.79974,280.29974,279.09976,278.69977,278.69977,279.09976,278.79974,278.29974
277.99976,277.79974,278.09976,278.29974,278.19977,277.99976,277.89975,277.89975,277.89975,277.59976,277.59976,277.59976,277.99976,278.39975,278.39975,278.39975,278.39975,278.29974,277.89975,278.09976,278.49976,278.69977,278.39975,278.39975,278.39975,278.19977,278.29974,278.49976,278.59976,278.69977,278.79974,278.59976,278.59976,278.59976,278.69977,278.69977,278.69977,278.79974,278.89975,278.89975,278.99976,278.89975,278.99976,278.99976,278.99976,278.99976,279.29974,279.29974,279.09976,278.99976,279.09976,279.19977,279.09976,278.79974,278.59976,278.09976,278.09976,278.49976,278.09976,278.09976
276.99976,277.19977,277.59976,277.39975,277.19977,277.19977,277.39975,277.59976,277.39975,276.89975,276.99976,277.29974,277.59976,277.69977,277.69977,277.89975,278.09976,277.79974,277.79974,277.79974,278.09976,278.19977,278.29974,278.09976,277.99976,277.79974,277.69977,277.89975,277.59976,277.59976,277.79974,277.99976,278.19977,278.29974,278.49976,278.39975,278.29974,278.49976,278.49976,278.59976,278.59976,278.69977,278.79974,278.69977,278.59976,278.59976,278.59976,278.69977,278.59976,278.49976,278.59976,278.39975,278.09976,277.99976,277.89975,277.79974,277.59976,277.59976,277.29974,276.59976
276.89975,276.99976,277.09976,276.69977,276.59976,276.79974,276.89975,276.89975,276.59976,276.39975,276.39975,276.59976,276.79974,277.19977,277.49976,277.49976,277.49976,277.59976,277.69977,277.59976,277.69977,277.89975,277.89975,277.59976,277.19977,277.09976,277.09976,277.29974,277.39975,277.59976,277.49976,277.29974,277.39975,277.99976,278.29974,278.09976,277.79974,277.79974,277.99976,278.19977,278.29974,278.29974,278.29974,278.09976,278.29974,278.59976,278.69977,278.79974,278.79974,278.29974,277.79974,277.49976,277.29974,276.79974,276.79974,276.99976,275.99976,275.39975,274.99976,275.19977
276.19977,276.19977,276.29974,276.29974,276.39975,276.49976,276.29974,276.29974,276.09976,276.09976,275.99976,275.79974,275.89975,275.99976,276.19977,275.99976,276.19977,276.59976,276.99976,277.29974,277.39975,277.29974,276.99976,276.69977,276.39975,276.69977,276.89975,276.99976,276.89975,276.99976,277.09976,277.09976,277.19977,277.39975,277.49976,277.49976,277.39975,277.69977,277.99976,278.09976,278.19977,278.19977,277.99976,277.69977,277.59976,277.49976,277.49976,277.29974,276.99976,277.19977,277.09976,276.69977,276.89975,276.19977,275.59976,274.99976,274.69977,274.89975,275.19977,275.19977
275.69977,275.59976,275.59976,275.79974,275.99976,276.09976,275.99976,275.89975,275.89975,275.89975,275.69977,275.59976,275.59976,275.49976,275.49976,275.39975,275.69977,276.19977,276.39975,276.49976,276.59976,276.79974,276.69977,276.29974,276.09976,276.39975,276.49976,276.49976,276.69977,276.89975,276.99976,276.79974,276.59976,276.79974,276.59976,276.49976,276.69977,277.19977,277.49976,277.09976,276.99976,276.99976,276.79974,276.99976,277.19977,277.39975,277.09976,276.39975,275.99976,275.99976,275.89975,275.89975,275.89975,275.39975,275.19977,274.79974,274.49976,274.39975,274.29974,274.39975
274.79974,275.09976,275.29974,275.39975,275.49976,275.59976,275.69977,275.69977,275.69977,275.59976,275.49976,275.39975,275.39975,275.29974,275.19977,275.09976,275.19977,275.49976,275.59976,275.69977,276.09976,276.19977,276.09976,276.09976,275.99976,275.69977,275.69977,275.89975,275.89975,275.49976,275.39975,275.69977,276.19977,276.19977,276.29974,276.29974,276.29974,276.39975,276.29974,276.29974,276.49976,276.59976,276.79974,276.89975,276.89975,276.59976,276.49976,276.09976,276.19977,275.99976,275.59976,275.09976,274.69977,274.69977,274.59976,274.39975,274.19977,274.19977,274.39975,274.39975
275.29974,274.99976,274.89975,274.99976,275.19977,274.49976,275.29974,275.29974,274.29974,275.29974,275.09976,275.19977,275.19977,275.19977,275.09976,275.09976,274.89975,274.79974,274.69977,274.79974,275.09976,275.19977,275.29974,275.29974,275.19977,275.19977,275.19977,274.89975,274.89975,275.29974,275.39975,275.39975,275.69977,275.69977,275.79974,275.69977,275.49976,275.69977,275.69977,275.59976,275.59976,275.79974,275.99976,275.99976,275.79974,275.59976,275.19977,274.69977,274.79974,274.69977,274.79974,274.99976,274.29974,274.09976,273.79974,273.89975,273.99976,273.39975,275.09976,275.39975
273.99976,273.99976,274.19977,274.09976,274.29974,274.49976,274.69977,274.99976,274.79974,274.79974,274.69977,274.49976,274.59976,274.39975,274.29974,274.29974,274.19977,274.09976,274.09976,274.19977,274.49976,274.49976,274.49976,274.49976,273.09976,274.79974,274.59976,274.39975,274.39975,274.49976,274.79974,274.79974,274.89975,274.99976,274.79974,274.89975,274.89975,274.79974,274.59976,273.99976,274.49976,274.79974,274.79974,274.39975,274.39975,274.49976,274.59976,274.29974,274.39975,274.29974,273.89975,273.79974,273.69977,273.49976,273.69977,274.19977,274.19977,271.99976,274.19977,267.89975
273.79974,273.79974,273.69977,273.69977,273.69977,273.69977,273.89975,273.89975,273.99976,273.99976,274.09976,273.99976,273.99976,273.89975,273.89975,273.69977,273.59976,273.59976,273.69977,273.79974,273.79974,273.79974,273.59976,273.69977,273.69977,273.69977,273.59976,273.39975,273.39975,273.69977,274.09976,274.29974,274.19977,273.99976,273.99976,273.99976,273.79974,273.69977,273.59976,273.99976,274.49976,274.59976,275.09976,275.59976,275.09976,275.19977,275.59976,274.49976,273.79974,273.59976,273.49976,273.49976,273.59976,273.99976,273.19977,274.29974,269.19977,266.29974,267.69977,271.69977
